BEGIN INCREMENTAL MODELS
D:\school\CL2\NLP\hws\project\neural-complexity\zarpies\models\incremental\gpt2_adapted_zarpiesT1
  41.07086   39.07972   43.87389   35.53320   36.82858   40.64845   38.65556   37.06084   36.20894   40.51860   32.49713   32.03519   39.61938   37.18415   40.56366   45.60110   38.68163   35.84046   39.92480   41.78467   32.52236   41.30798   44.77822   37.32528   37.22282   32.87934   37.22404   40.11045   46.94728   40.63525   50.85703   40.25340   35.94080   44.42558   40.62704   41.64497   37.48341   44.38658   39.61932   55.29520   42.32615   39.05956   36.06414   43.02501   37.30844   42.45068   40.58939   35.59937   38.65001   47.34667   35.69156   35.55570   38.30365   35.70445   45.70481   33.19364   37.01069   41.02377   40.58868   35.43800   41.39313   39.86486   33.86513   36.91216   39.00124   36.24525   39.79025   35.52837   38.62791   37.32587   43.79023   37.01038   40.31689   37.70781   39.73659   41.53361   39.48331   34.80396   41.68320   36.63214   38.63895   37.96586   34.72411   42.60308   38.10218   33.83942   36.59024   36.02615   36.92980   36.69869   36.64600   40.10625   42.54574   37.36832   36.05862   37.39604   39.67528   42.10211   39.47621
D:\school\CL2\NLP\hws\project\neural-complexity\zarpies\models\incremental\distilgpt2_adapted_zarpiesT1
  38.25177   40.19334   40.30200   36.16245   33.24088   39.03022   37.35597   34.38830   35.64561   40.81512   34.20969   37.12381   33.96159   34.97698   38.79299   45.30112   34.42968   33.74726   38.76876   37.01861   30.96408   36.79412   41.08577   37.55396   36.37556   30.16854   35.86927   38.72860   44.28295   36.70576   54.43232   38.96173   33.45776   43.78073   38.90806   39.83436   36.12563   39.50024   37.12881   52.88069   39.69560   36.24039   34.07244   41.24764   33.40495   34.05563   40.72888   33.45819   35.01822   39.48066   34.86099   31.21831   33.23599   34.21943   40.45075   30.09602   33.68792   36.81823   39.20774   32.77220   40.54314   38.49847   31.00558   34.51077   35.35632   35.13495   38.08239   32.38456   36.57369   34.19022   41.61405   33.59204   38.89396   35.73515   35.43041   37.33807   36.65319   33.61327   40.03283   35.03412   35.80670   35.65959   33.09861   39.15414   32.85451   32.83592   34.16822   36.62642   37.89763   38.05098   34.27547   37.16124   42.52087   35.53185   33.96058   36.28109   33.79960   40.61085   36.64374
D:\school\CL2\NLP\hws\project\neural-complexity\zarpies\models\incremental\gpt2_adapted_zarpiesT2
  41.65652   41.29101   47.26606   36.84103   38.31544   43.12478   41.18083   37.61359   39.97566   43.37227   36.24640   33.75204   40.83024   39.19431   41.55569   48.34035   38.03748   38.02922   43.02779   42.08340   34.60041   42.40160   45.80611   40.48026   39.35343   33.86450   38.70375   41.59566   46.04811   41.06367   55.87740   40.17255   37.00327   47.51011   42.44925   45.30372   40.12212   45.94500   42.60992   57.49779   44.19951   41.78957   38.16472   43.02407   37.76948   40.52005   42.11993   38.11282   37.72954   47.03513   37.46661   37.54433   39.14629   38.47066   45.72598   35.20118   39.92812   40.39923   42.80553   37.43363   42.91345   40.40185   33.29366   39.13344   41.24406   38.92280   43.51861   37.35209   40.41911   37.55035   44.66854   39.15400   39.43529   37.89167   41.82494   43.37060   41.42207   38.08653   45.26008   38.11711   38.75040   39.55428   37.02795   42.42237   38.04219   36.13853   38.05035   38.70765   39.86782   39.33213   37.91409   42.59517   46.22965   39.22311   37.56612   38.73730   38.33032   43.50328   41.76120
D:\school\CL2\NLP\hws\project\neural-complexity\zarpies\models\incremental\distilgpt2_adapted_zarpiesT2
  40.00185   43.13012   44.75552   38.33097   37.59496   43.42706   40.22982   36.87229   39.64729   41.49840   37.16471   38.00154   37.89386   38.53920   41.46206   46.86502   36.63317   36.97459   41.30395   40.56767   33.65352   40.07869   43.35138   39.33756   39.14191   33.41823   38.50874   41.16751   47.48162   39.30445   54.40819   40.82949   36.09787   46.73072   41.46817   42.59332   39.93278   40.81973   39.95636   56.23666   42.55603   38.67089   36.57251   42.39708   36.37349   34.66042   43.45368   36.59055   38.82477   41.86202   37.04128   34.02124   34.81266   36.20466   41.93334   33.32512   36.55222   38.92904   41.49917   36.83171   43.21055   39.65290   33.54558   38.48046   38.87017   38.79160   41.97185   36.58857   39.24180   36.73834   44.54795   37.90971   42.50471   37.95657   38.44096   42.28149   38.93862   35.89849   43.48870   36.37384   38.32318   38.19257   36.26586   42.29636   35.33609   35.33852   36.87716   38.71129   41.47956   40.48037   36.79655   38.58117   45.76454   37.17201   36.34965   37.68093   36.00427   42.53332   38.73050
D:\school\CL2\NLP\hws\project\neural-complexity\zarpies\models\incremental\gpt2_adapted_zarpiesT3
  33.44173   29.16216   35.13031   28.85907   28.44863   30.85972   30.63934   28.55819   27.43054   32.67519   24.46827   25.24361   29.11073   27.80894   31.16171   37.08562   28.77772   26.40192   32.04795   33.70311   25.96677   34.26831   36.17934   29.33687   28.11294   25.04507   29.97895   33.74012   37.24360   31.54440   41.95603   29.27608   25.02876   34.44092   29.88585   31.30956   27.75116   34.31612   30.75842   45.82294   29.63824   30.38574   29.53974   35.73525   28.87477   31.05756   30.98063   27.05341   29.11478   36.02721   26.68705   26.79615   28.01094   26.76978   35.44738   25.93185   28.23685   27.11546   33.29996   24.23096   31.46357   29.08519   25.67926   28.25285   27.25820   26.58730   32.40650   27.02697   29.28567   28.96544   33.36272   27.31913   28.84507   27.63184   28.33660   35.43252   31.56498   26.61904   31.17776   28.72993   29.09998   28.81647   26.57030   34.50878   30.68333   25.16714   27.22684   28.40643   29.28768   28.32217   29.25592   31.75079   34.38708   28.20124   26.86972   27.52598   28.88190   30.81460   28.77321
D:\school\CL2\NLP\hws\project\neural-complexity\zarpies\models\incremental\distilgpt2_adapted_zarpiesT3
  31.59814   29.74169   34.50474   30.35740   28.92309   30.03703   30.38688   26.93430   27.78141   33.89799   27.24204   29.00322   28.40855   26.81993   31.77998   36.15037   25.64068   27.31791   32.26730   31.04086   26.47157   29.74488   33.59201   30.59497   29.47093   24.30861   28.24102   31.42595   37.20119   29.07705   44.23691   31.60384   25.23345   35.34180   29.60569   29.86076   29.40016   31.30373   30.16983   45.68045   29.38802   28.15538   28.53498   36.51658   27.10239   29.50398   32.09520   26.51084   28.38597   30.48207   27.96627   24.98285   25.53948   28.05154   33.65040   24.02558   26.53617   28.79881   32.96642   25.86489   33.42863   28.91539   24.04736   27.94799   27.49116   28.53817   31.75152   26.34441   29.55330   27.60655   34.20432   27.57480   29.26051   28.71667   28.23351   31.13786   30.60527   26.81199   30.70676   27.56166   28.61387   28.85280   27.00935   32.42879   25.78999   25.52890   26.98644   30.09372   31.53829   30.83537   26.73661   29.12899   33.93597   26.61750   27.13919   28.71060   25.90867   32.17787   27.79247
D:\school\CL2\NLP\hws\project\neural-complexity\zarpies\models\incremental\gpt2_adapted_zarpiesT4
  42.29749   41.08767   46.28529   37.63136   36.01777   43.69158   43.06133   40.63114   39.13672   46.10083   40.04881   38.10308   40.31193   38.61099   42.83344   48.13621   40.05741   40.66632   44.36551   42.47229   36.77939   43.26288   46.81439   41.18784   38.78313   36.91440   42.05121   40.04494   45.14697   42.44055   54.58255   39.64172   40.60993   49.13564   42.90813   46.35003   42.64558   46.46124   41.67496   50.17097   45.23383   42.80253   38.00284   43.89899   38.31130   39.27026   44.87199   39.65816   40.26201   44.75037   38.10309   40.10754   38.02171   38.05405   40.95480   36.06470   42.43453   40.47736   45.84437   36.01013   39.48661   43.20568   37.67683   41.80856   43.95465   41.01287   43.22520   40.94451   42.08797   36.77702   45.34028   38.26245   40.90292   40.11827   42.82833   42.11040   40.80867   36.64568   44.99093   40.17102   41.34473   42.91652   39.27224   37.99703   38.06323   37.67853   37.29691   41.91585   43.34248   38.70841   39.76052   42.96945   45.34328   42.15129   39.12856   40.62085   43.17114   43.51592   38.63885
D:\school\CL2\NLP\hws\project\neural-complexity\zarpies\models\incremental\distilgpt2_adapted_zarpiesT4
  37.17979   40.56892   42.48123   34.10121   36.08866   39.01660   38.61275   34.20472   38.71390   41.49893   35.33936   37.61311   33.45391   36.74558   40.70042   44.36480   34.21930   33.78546   40.55420   37.99337   33.24578   36.92530   42.76608   40.72286   35.37732   32.19523   36.18614   38.48177   44.94156   37.63865   52.43696   39.48193   36.17130   46.33662   39.15302   40.14279   37.51012   40.50001   39.05954   45.64123   40.11330   37.55632   33.05502   41.26733   34.83087   35.96094   42.96010   35.17033   34.91704   35.93095   35.79662   34.28190   32.94756   35.51783   38.92686   33.09235   36.36347   33.69628   40.57107   33.49740   38.72984   41.05430   32.12704   37.81862   40.39019   39.94398   40.88335   36.33320   38.26136   34.06506   43.25616   36.39681   38.43486   35.10067   37.92996   40.58489   38.12730   33.25909   38.87502   34.41502   37.02682   37.10555   35.63240   34.61390   33.37408   35.54873   35.78084   38.04208   40.88031   37.72201   35.73428   38.45866   46.23978   38.03121   35.02990   35.32590   34.44214   39.77195   37.67621
D:\school\CL2\NLP\hws\project\neural-complexity\zarpies\models\incremental\gpt2_adapted_zarpiesOriginalGeneric
  45.06158   45.23631   46.14119   44.14194   45.60952   44.44730   42.12693   42.08852   37.36424   47.02856   35.88398   35.24144   45.32400   36.19019   46.21239   49.80695   42.69843   48.08218   49.57683   41.21000   34.47906   44.46207   47.31779   38.34644   44.59337   36.99178   41.26424   45.10217   50.36232   45.21316   65.21996   44.52776   40.53860   47.39188   42.24225   48.75415   45.01659   53.42659   49.49034   59.26361   54.62512   43.00062   38.38388   47.09016   40.89191   41.41373   45.25644   36.40309   40.59583   50.67873   41.80074   35.17722   38.58193   38.70034   42.93494   34.06155   35.72580   45.68443   44.55099   39.21389   47.04055   50.44401   37.01333   38.30100   43.65557   43.24986   40.93134   42.41493   46.14033   40.98580   51.24959   49.88992   49.32419   42.86376   42.13802   46.18314   41.99578   38.29576   48.55862   40.02171   43.70687   39.71995   35.57256   47.94758   38.27314   40.20972   36.13681   42.41385   48.38046   43.40432   41.31104   42.41955   46.83532   43.11658   43.35316   42.71494   43.68007   47.75622   42.82966
D:\school\CL2\NLP\hws\project\neural-complexity\zarpies\models\incremental\distilgpt2_adapted_zarpiesOriginalGeneric
  43.40091   46.34315   44.11476   44.79192   39.69639   45.04548   41.13743   41.82307   35.82256   46.15128   38.69928   37.67722   41.56975   34.66457   44.61502   51.99778   38.86326   46.84213   50.83814   40.26529   35.47774   42.65687   46.98541   38.93503   41.73469   35.97846   40.77586   46.46706   48.47166   42.11074   68.04117   44.62432   40.60172   48.13367   41.03404   48.90716   43.52258   53.11737   49.62424   58.60724   53.46468   40.99547   37.76725   46.04544   37.12330   40.12263   45.00545   35.26099   42.59777   44.72353   37.71793   34.25835   36.10015   37.44011   41.87458   32.18785   34.84880   43.76391   44.13883   38.24487   47.85386   48.42522   34.31162   39.75855   42.47792   41.13010   41.06451   42.93060   46.20171   37.94197   50.75307   46.28197   48.17533   41.67636   44.39922   43.95353   41.18470   37.62627   46.75002   38.38153   41.31940   39.48641   34.55899   46.52984   35.84906   41.38747   35.84454   42.66038   47.77595   41.46281   37.28809   40.79947   47.96350   42.61927   42.77818   43.84193   40.34465   45.71429   39.02094
D:\school\CL2\NLP\hws\project\neural-complexity\zarpies\models\incremental\gpt2_adapted_zarpiesOriginalSpecific
  43.55775   45.50019   45.76841   43.68493   45.83005   44.85331   41.60893   42.99062   38.17951   48.20340   36.98642   35.86001   43.36139   35.62982   44.87419   50.69547   41.60274   46.24880   50.25544   40.20943   34.85223   44.24738   46.02818   39.19161   44.19957   36.91685   41.73829   44.43968   49.57875   44.91925   68.23180   44.26402   38.91762   48.85310   42.88799   49.47773   46.00893   51.77365   48.66499   60.20657   55.07230   42.53809   38.45204   47.35410   40.13672   40.29371   44.69442   36.81410   39.52398   50.91818   41.41235   34.28016   37.66766   38.91358   42.23512   33.50137   36.07949   44.51977   45.00713   40.08669   46.43378   49.93257   36.22845   39.31618   43.58110   43.45194   41.59293   41.63427   46.59937   41.01113   49.90965   49.54657   48.86108   42.66085   42.57572   47.54794   43.21069   38.64330   48.51014   40.01497   43.39809   40.53213   35.59694   47.62045   38.58716   39.18979   36.19495   42.00977   50.87504   43.14756   41.09734   42.45443   47.41521   44.01606   42.22063   43.61640   42.84849   48.20985   44.09309
D:\school\CL2\NLP\hws\project\neural-complexity\zarpies\models\incremental\distilgpt2_adapted_zarpiesOriginalSpecific
  40.59786   45.02503   44.24827   43.41870   40.10342   43.79271   40.09362   41.46288   36.84166   44.07967   38.42433   36.73421   40.66819   34.37754   44.01231   50.14380   38.27638   46.87962   50.32193   40.55348   36.25173   42.10995   44.90056   37.67624   40.84612   36.61226   40.22213   46.20007   48.01270   42.41094   66.54258   43.37191   39.38602   48.07278   40.26390   47.53821   43.23385   51.14089   48.86421   58.36771   54.00437   40.19484   36.94269   44.61570   36.86405   38.45402   44.00118   35.33629   40.79044   44.45665   36.41538   32.99068   35.31546   36.88591   41.50181   32.96486   35.30717   41.88846   43.35973   37.63566   47.20945   47.80336   33.71019   41.03012   42.19909   40.21688   41.35919   43.12992   46.12249   38.09020   49.39863   45.39514   46.87749   40.83627   43.06664   45.43242   41.11278   37.25504   46.91920   37.56765   39.52813   39.37386   34.86047   46.95745   34.66859   39.56567   36.34075   41.56687   47.40578   40.07623   37.56638   40.14376   47.94951   41.28309   41.09334   42.14012   39.32621   45.06318   41.01732
gpt2
  44.00229   44.90639   46.27767   41.71500   44.04865   44.60719   42.38508   42.65374   39.25544   46.06580   37.81885   34.28565   43.78301   37.39935   46.96715   50.22899   40.99704   47.96560   50.00191   41.08420   38.87208   44.96647   47.19379   37.55016   43.44934   38.31674   41.52739   45.27661   49.85578   43.58435   68.04671   44.24167   40.11988   48.33489   42.90535   46.99905   47.03413   51.61976   46.62211   56.12947   52.94477   40.90744   38.78280   46.89731   38.85426   41.34617   46.37807   35.75280   41.77862   47.84371   39.36365   35.05261   38.24861   39.31801   44.98422   33.15149   36.63465   45.78285   45.42446   39.35228   46.23447   49.03757   37.02567   40.94472   46.59625   46.23715   43.10303   44.55910   45.54253   42.79102   50.41822   48.48808   46.37941   42.11773   43.01791   43.42399   41.33762   38.41711   48.06757   41.30031   46.77622   38.14607   38.01862   45.20992   39.41133   41.99683   35.31767   41.45969   51.05776   42.54446   39.04652   43.09999   48.92393   45.21858   42.53698   43.30859   44.21531   46.37830   41.68677
distilgpt2
  42.08009   47.34889   45.30130   44.40872   41.66643   42.25661   42.52865   42.42014   39.06132   45.80125   39.68406   39.55785   41.05016   36.90063   47.91415   52.22379   39.57911   46.78957   51.57705   42.90144   38.72802   42.49972   46.76849   38.74976   41.62294   39.80987   40.66757   48.57632   48.71985   43.64153   70.37409   46.78505   43.03018   50.29367   41.16711   48.42157   44.85165   51.53208   48.36063   57.33939   51.75109   41.58590   38.81924   46.42991   37.53848   41.27719   46.59341   36.79956   46.55663   44.72191   38.83092   35.12201   36.45380   39.60119   44.82078   33.25930   37.24534   46.43861   46.03768   39.12650   48.82048   50.25551   35.67294   42.04787   46.01238   44.94059   44.21842   45.07763   47.18386   40.53308   50.39613   46.10708   45.56670   41.57457   47.25281   42.86518   43.74246   39.29251   47.97984   41.82476   43.93598   39.76548   38.66676   45.54703   37.58318   43.47246   37.55733   42.63805   49.14523   43.10366   38.06182   43.03827   49.99814   44.21431   43.67505   43.80310   42.56458   48.19165   41.35518
BEGIN MASKED MODELS
D:\school\CL2\NLP\hws\project\neural-complexity\zarpies\models\masked\bert-base-uncased_adapted_zarpiesT1
  54.29695   55.54810   54.72758   42.09790   43.49111   69.51451   39.51420   47.40552   51.14112   60.98250   43.26871   29.76602   43.71814   46.34669   46.59758   63.61704   51.21095   48.07561   39.08028   52.75927   35.86683   42.83841   58.92429   49.54437   41.44047   40.35379   37.73077   33.00537   62.42938   45.56736   61.33349   54.87614   37.35932   60.79407   47.27673   45.25958   54.30273   53.69423   39.69626   66.20187   48.84962   47.79112   39.57992   44.96907   40.21072   35.23339   53.60770   26.19918   48.93443   69.20904   48.62320   42.36169   50.16571   46.47402   38.27572   34.18469   42.75437   51.51231   55.84404   44.92112   51.04640   57.98882   44.34669   53.41596   42.82657   40.67505   36.88395   41.29686   41.52291   44.47660   47.95666   32.13602   40.31099   34.41580   45.89223   50.49118   37.02187   34.79179   49.31146   50.15367   38.62475   53.59434   44.44258   52.48746   43.48627   26.99563   43.47408   44.29111   28.44219   49.38735   53.03874   50.48279   61.36633   54.36842   51.33231   47.02973   46.46634   57.50100   51.32189
D:\school\CL2\NLP\hws\project\neural-complexity\zarpies\models\masked\roberta-base_adapted_zarpiesT1
  78.82624   77.36845   87.57318   68.70384   74.49461   70.18918   78.81293   70.36545   72.40306   74.64844   76.24137   68.78628   82.80364   71.84641   82.18748   74.29414   69.98192   81.23436   85.30605   75.22225   76.12418   75.11573   71.77405   71.88457   74.90268   79.10003   78.68441   86.52871   72.99198   74.52738   93.90223   67.55279   74.11323   72.07989   68.59872   76.36720   74.53269   77.24402   86.74199   89.09435   84.95584   69.93079   71.58417   75.70016   73.29257   80.93548   70.47238   72.90961   80.51439   76.49751   69.02808   73.65909   69.82648   71.84360   73.25933   68.54469   68.87178   72.13812   75.10029   71.39007   77.48444   76.18247   67.94151   70.72239   80.96966   72.70408   74.01053   82.26179   70.69671   69.78235   73.67300   72.54473   76.66647   72.33635   76.29848   82.10872   72.51963   69.20611   74.54283   70.01814   69.06197   73.08588   78.64919   72.59308   75.47877   75.30478   69.59643   73.41564   84.25680   68.60107   71.20308   72.21230   73.35979   68.08564   72.83619   69.36452   71.48190   70.15118   60.45169
D:\school\CL2\NLP\hws\project\neural-complexity\zarpies\models\masked\albert-base-v1_adapted_zarpiesT1
  63.55491   81.64962   75.60918   62.64781   60.44955   75.00702   68.79983   59.88313   69.94222   76.81723   69.83107   60.76462   76.84240   71.88020   80.99050   78.44897   57.69641   89.12591   85.96175   61.93513   63.82012   79.83531   66.30975   63.91864   62.74613   77.20928   79.37660  125.88940   73.64140   69.29591   82.00270   59.14938   66.14641   67.91638   72.69262   87.56121   78.47436   90.74401   95.88943   71.56092  101.56328   60.71886   63.60012   83.22610   56.20909  101.29938   74.22795   68.10673   66.95931   84.99942   58.17481   57.28739   63.81406   54.79405   64.56014   62.10995   62.26176   68.82089   65.87240   56.42935   60.43848   64.98815   57.86553   55.51446   86.81691   68.91831   84.35684   75.37163   76.52996   56.53143   61.37490   86.25953   79.71555   79.86448   72.62013   71.46397   56.10156   51.39032   65.38980   54.19702   87.28391   58.62764   79.68834  101.85169   63.52153   59.38865   66.45085   66.78103   89.97450   64.89015   60.72293   61.99679   85.08862   68.91406   65.39107   57.84497   70.96036   75.13502   60.45532
D:\school\CL2\NLP\hws\project\neural-complexity\zarpies\models\masked\google_electra-base-generator_adapted_zarpiesT1
  26.96463   28.79887   32.20173   25.27534   16.90474   30.52427   19.79175   26.44316   29.02943   31.97790   15.61466   20.56317   22.92807   16.79937   33.11094   39.84929   22.12596   26.29816   28.10575   26.94164   16.07569   15.17131   34.09130   26.33961   18.99527   16.40908   15.13889   20.83991   28.80326   26.02327   25.68743   33.28804   17.59146   31.91464   31.17547   36.18113   31.81015   27.07945   21.47533   42.89855   41.41173   33.51460   19.97698   29.41530   22.16082   13.69261   34.39309    9.08524   28.80348   37.34922   24.87459   16.39944   23.61137   25.31737   18.71161   17.77606   19.89348   27.86195   28.77768   16.14607   30.15218   40.36018   27.59036   31.08578   20.17430   20.83228   22.83029   27.98021   32.62206   28.93309   31.55682   18.72650   22.65619   11.06386   21.97512   21.46618   17.68883   16.06585   35.53038   28.35995   26.55479   24.06954   26.80058   29.95159   27.35302    5.64293   18.64854   25.49334    8.53666   31.50513   24.84936   34.09062   30.65610   24.05953   38.86218   26.67707   27.82651   32.30344   20.85987
D:\school\CL2\NLP\hws\project\neural-complexity\zarpies\models\masked\bert-base-uncased_adapted_zarpiesT2
  49.52568   51.49575   57.36389   43.65431   39.45531   67.71947   39.94554   48.02821   51.75066   57.24297   40.50308   34.48194   41.67517   51.09838   51.75033   64.21553   51.62360   45.57417   38.35267   51.12272   41.19347   38.92740   58.02170   48.21960   38.09149   38.10314   34.81676   30.95630   66.33883   47.92436   59.36823   56.53170   36.93584   63.94088   50.51452   43.77405   50.97481   53.20359   33.00456   64.17611   50.49183   47.90446   41.06206   44.13659   38.89500   33.13245   51.25510   31.97563   45.17643   66.19367   50.15523   44.49427   50.70660   52.85008   40.85578   38.17281   46.04994   53.82304   58.07419   45.11579   49.92487   55.65029   44.40490   51.16419   45.76220   41.48223   36.19197   41.45557   38.72763   45.91616   47.83685   31.23811   35.63884   31.30556   43.17008   46.92780   34.35950   36.02256   47.83466   50.22103   38.80315   50.19242   46.48306   50.51060   44.85761   30.34601   45.39021   43.42649   24.77193   51.75712   51.33305   47.68255   62.71922   56.53417   49.86872   49.51950   44.01332   56.39491   51.53770
D:\school\CL2\NLP\hws\project\neural-complexity\zarpies\models\masked\roberta-base_adapted_zarpiesT2
  73.14020   69.05246   78.97393   66.11732   69.24613   67.30870   69.98017   68.50855   68.66494   71.45286   67.54847   66.37178   65.73926   67.53053   76.39146   70.70290   66.21065   66.84024   71.97108   67.58410   72.37578   70.04821   68.04734   66.26168   68.65737   72.17459   71.40358   72.17599   71.02997   67.28841   85.83789   67.43633   69.75172   68.98392   65.46362   71.81706   69.34773   68.67050   69.95815   76.06769   74.50284   66.71679   65.97271   71.53011   68.05408   70.93639   67.55547   68.36258   71.20725   70.79080   66.54794   66.36004   65.10727   67.05578   70.13854   64.43509   66.34641   65.98174   72.03697   67.17484   74.17220   71.56578   65.64896   66.51377   73.43268   67.52519   72.23579   67.49662   64.54942   66.56219   65.69405   59.72187   69.38151   68.30674   69.26890   75.51253   69.47153   65.52552   70.61517   65.58486   63.16200   67.85265   71.18579   70.22758   67.53698   69.08853   64.61264   67.87446   64.84865   66.30940   67.08158   67.39981   68.48546   65.54916   65.79961   66.21553   62.17750   63.57456   55.35591
D:\school\CL2\NLP\hws\project\neural-complexity\zarpies\models\masked\albert-base-v1_adapted_zarpiesT2
  87.22579  104.15749   95.86538   73.65146   86.77569   89.49810   86.07623   78.58050   90.47334   86.81949   90.50293   82.42381  101.05864   96.67693  100.54076   79.86626   75.73730  103.71458  107.87673   92.55700   92.90126  105.24623   75.79806   85.98818   92.42562   97.56954  101.07624  147.05695   82.52423   89.01737  102.23984   80.64543   89.90198   78.54903   90.78816   96.63622   96.92037  100.33630  113.72422   99.32115  129.44739   80.95652   78.48262  102.12337   74.34129  114.82336   90.94092   90.92114   88.52893  100.63527   82.61158   89.00657   82.25154   68.98709   80.57071   85.06075   76.78990   87.39864   80.43405   86.63299   75.46262   93.69040   80.16632   75.69159  110.22149   87.13704  106.83845   90.47554  101.27359   77.53982   87.99397  116.06519   99.67775   99.73543   89.85986  104.18761   81.25470   78.32405   83.48563   75.52041  107.29963   75.83031   91.01987  121.62951   98.43058   80.20198   84.04708   93.04714  111.00250   78.58642   72.44467   86.27586   94.16139   78.61673   95.19765   71.67410   98.22776   91.46572   83.59175
D:\school\CL2\NLP\hws\project\neural-complexity\zarpies\models\masked\google_electra-base-generator_adapted_zarpiesT2
  26.72286   29.15527   25.60615   22.29662   16.68987   33.63962   18.07259   27.20217   26.68094   29.06012   16.75221   16.91917   22.97989   16.70490   31.66587   45.67504   21.15197   28.58507   27.45297   25.73596   15.76795   14.17580   31.37012   25.20843   17.44219   16.50046   14.70151   18.94402   29.36445   24.70046   26.53701   35.27071   16.67215   30.84838   30.50069   37.03089   29.47432   26.40832   22.20820   43.41809   42.12269   32.80734   19.36905   29.31219   20.70719   11.32848   32.61272   10.03963   25.39077   32.95893   23.50715   13.76137   22.92534   26.89444   17.39479   16.57151   20.21266   27.09311   27.69893   18.48457   28.18625   37.94105   26.01887   26.91072   26.30705   18.97530   21.62922   24.68514   35.06022   28.08407   31.27984   22.38867   19.74552   11.32054   21.96160   22.04099   17.54650   18.50567   35.33747   24.96980   25.48889   20.36664   28.26572   23.09801   27.08677    7.56131   19.28298   23.31925    8.93600   29.25261   23.25504   32.83404   28.12688   23.39875   36.50972   27.69002   26.64373   30.26891   20.28828
D:\school\CL2\NLP\hws\project\neural-complexity\zarpies\models\masked\bert-base-uncased_adapted_zarpiesT3
  49.98454   50.91351   58.16307   46.69261   38.56126   67.37279   45.24368   50.17638   50.35275   57.59119   42.10955   40.66599   46.34186   52.92265   48.94770   61.16508   53.92718   49.65000   37.77278   53.93620   43.50865   40.37394   58.06842   50.20210   40.31146   39.54747   37.59305   35.81171   62.86052   52.44306   57.44279   57.36882   38.86338   61.49310   55.84609   43.42418   49.60096   56.46749   34.90593   65.35644   48.32862   48.53540   46.55191   47.32232   43.12746   36.39855   52.81587   38.86137   45.94471   59.57092   52.78224   48.94504   53.87384   54.77133   39.70412   42.41991   49.13569   54.72649   56.07541   40.01597   51.15083   58.05656   47.07028   55.04261   44.52486   40.36614   36.63863   40.18442   40.24584   47.85318   46.71070   30.62959   37.03937   35.24082   47.76049   51.47667   35.53783   38.95441   49.00545   53.12116   41.33626   54.23039   47.98344   57.61526   44.56421   29.38151   48.95312   45.00638   29.00126   52.68552   53.33230   48.90837   64.10439   59.56459   51.68394   51.32082   42.56752   57.26277   52.90946
D:\school\CL2\NLP\hws\project\neural-complexity\zarpies\models\masked\roberta-base_adapted_zarpiesT3
  69.96346   68.26598   80.09618   63.39173   67.66515   64.56054   69.84847   64.59758   66.30604   67.16731   66.76339   63.64350   67.68245   65.60213   73.88218   69.48636   63.51708   68.73909   71.31909   65.69165   67.28356   68.18185   67.00166   63.08844   67.22703   69.71061   68.65701   71.53560   67.94524   66.06997   83.05749   63.99129   66.65123   66.99923   63.95681   69.30369   68.74029   70.14223   70.94091   78.20601   75.05734   63.83093   62.96481   68.98267   65.19024   72.56926   63.79513   65.81119   72.64341   70.13862   62.79050   62.61791   61.82111   65.15606   64.22703   61.98476   64.59968   64.90782   70.58654   64.33260   70.63582   66.61828   62.16823   63.90566   72.67356   63.44166   69.04797   67.34069   62.99257   63.99327   65.44716   57.67887   69.08630   65.04107   68.31496   71.93873   67.94346   62.76944   67.72720   61.82817   62.74149   65.94036   68.67768   65.54722   64.41184   65.78806   61.67476   64.94579   69.90508   63.41592   63.20714   64.36799   66.38585   63.32550   63.10869   62.30705   61.43278   63.32837   52.49444
D:\school\CL2\NLP\hws\project\neural-complexity\zarpies\models\masked\albert-base-v1_adapted_zarpiesT3
  48.86399   61.14972   59.46074   40.97246   43.81240   58.41205   56.89039   47.36072   51.46699   58.39686   56.46426   48.50757   62.28919   58.49378   68.77647   56.93753   43.40558   70.70249   72.61336   51.37143   51.52269   73.21710   49.12795   50.73582   58.46918   65.20021   59.89214   97.37940   63.59880   53.84458   69.72291   46.46163   49.67073   48.80293   54.93406   72.44393   63.41036   72.03843   80.87797   57.24568   86.18331   49.20706   45.58457   60.07037   39.02996   85.76402   55.71079   53.84348   49.30203   71.85668   44.02956   41.56685   48.79932   42.51135   51.47789   48.59949   42.87989   51.30607   51.89652   44.95699   43.87026   52.05875   44.38565   43.22194   76.57193   48.59857   68.79564   64.59013   69.68400   43.34526   47.34361   68.71079   55.92039   62.55120   62.62522   60.11319   43.54526   38.83327   51.94326   37.58626   74.29504   44.05521   67.29463   87.75700   47.99073   43.95431   49.23391   55.68119   71.51565   46.83635   46.17040   47.99682   64.84142   47.13413   53.17256   42.24748   56.31188   63.15353   45.99520
D:\school\CL2\NLP\hws\project\neural-complexity\zarpies\models\masked\google_electra-base-generator_adapted_zarpiesT3
  27.72512   28.49258   24.25432   22.23632   15.84424   35.61043   18.08481   27.89052   28.89188   29.21578   20.77334   18.51927   24.45175   17.80304   31.25252   43.82890   22.87588   28.25528   29.29112   26.17675   14.67043   10.67480   33.81873   28.45297   18.86503   17.33248   16.21275   22.54712   30.15941   24.65004   32.16611   35.60081   17.19333   33.04433   32.19773   41.25644   30.76741   31.95615   20.23977   42.69779   41.67570   35.40161   17.94927   28.76078   21.83449   13.71077   33.38323   10.31707   25.73764   32.84649   24.53868   14.76482   23.12823   25.50014   18.76646   16.58168   20.64580   25.89946   26.77800   19.98425   28.14541   36.43480   28.01021   28.23032   25.66837   19.19265   22.64558   26.57943   32.75383   30.57961   29.82736   22.86020   26.19024   13.56664   22.31727   22.84901   18.03187   19.46943   36.21385   25.85420   23.89420   20.97908   27.04298   24.66725   28.29065    9.02685   18.51568   26.28449    8.84553   27.34324   25.32323   33.30622   29.99905   25.27874   36.29784   27.01719   24.27541   30.45600   20.67951
D:\school\CL2\NLP\hws\project\neural-complexity\zarpies\models\masked\bert-base-uncased_adapted_zarpiesT4
  47.78473   50.89017   59.13352   44.27784   37.17380   61.60415   41.61725   49.86195   49.84181   55.28710   40.34414   37.24192   38.74867   48.75752   46.15286   62.85350   50.78716   46.34170   39.45893   49.33549   37.70982   39.05533   55.17112   48.90178   41.15030   38.12237   36.67131   32.35406   61.32253   46.60167   57.77390   53.45998   34.77934   56.82408   53.41340   44.01653   51.92450   53.86736   34.98989   62.07905   46.11565   48.46744   42.50348   45.35910   40.21817   33.07325   51.47271   34.13820   44.76248   63.01147   51.75631   45.03029   50.85855   50.43153   42.36764   41.26897   48.18048   53.37201   52.53905   40.80442   47.14219   56.40189   45.39290   53.97994   41.62770   37.95436   38.46977   37.64987   42.18001   45.56805   47.75623   30.82918   35.93484   31.81500   42.93821   50.18397   35.31361   38.31380   47.56405   47.76871   40.04038   50.72579   46.58538   48.04480   44.15395   28.84638   42.77826   45.02072   27.54320   48.74634   51.65136   48.97087   59.12417   55.13946   48.18412   48.72980   43.39329   53.80081   49.11152
D:\school\CL2\NLP\hws\project\neural-complexity\zarpies\models\masked\roberta-base_adapted_zarpiesT4
  70.24235   69.53278   73.34056   62.26131   67.13139   62.33124   69.69574   64.81057   66.62625   67.23777   67.01402   62.29806   69.06582   65.96533   72.12318   68.42670   62.67602   63.74159   72.47519   64.20064   68.79372   69.85475   65.91068   62.34717   65.10304   69.13376   70.34440   71.03766   67.36491   65.92683   80.72129   64.38337   68.10551   65.85152   62.52840   71.15802   67.09434   67.75068   73.47890   76.71522   73.20390   63.83239   63.04217   68.78490   65.96258   70.99676   63.52290   65.36431   72.66440   69.80867   62.00598   64.26254   61.69371   63.99344   63.77694   61.44420   62.59139   65.07813   68.37375   63.17202   70.67320   68.42122   60.79639   62.80325   74.64069   67.88121   70.00207   68.04038   63.73637   64.04768   67.02599   61.39428   69.35169   64.60247   68.61084   69.27730   65.96984   64.03931   67.48834   62.93055   64.61565   65.13867   68.20067   66.02814   65.63054   67.50748   62.44716   64.52889   68.62643   62.14769   63.01310   62.73279   65.57149   61.39254   65.93582   63.53887   65.13790   61.17744   52.83286
D:\school\CL2\NLP\hws\project\neural-complexity\zarpies\models\masked\albert-base-v1_adapted_zarpiesT4
  47.66177   56.18989   52.51498   43.81012   45.52426   59.77989   49.65084   46.07074   42.70166   49.12011   46.59483   36.35771   59.13470   52.54615   67.48884   56.38837   39.55046   66.38691   57.89639   44.17826   41.35844   63.77391   50.91518   47.16164   50.17197   60.59387   55.23677   87.97140   60.77287   51.24509   65.62204   44.76672   46.47465   46.25703   52.66025   66.99121   57.60114   69.35704   66.38139   47.49335   74.09146   49.09687   43.93853   50.84718   41.22699   77.47912   48.44067   44.26368   44.93337   64.32399   38.93959   40.27264   45.58582   33.76343   51.40377   42.44079   42.11056   39.45774   47.25066   35.35622   45.27069   48.00701   42.05765   40.39036   57.68104   47.82850   62.15697   59.86715   55.91798   41.53972   41.55285   63.91506   53.33487   52.36340   60.95319   57.29462   42.87134   36.22190   49.57928   35.89922   62.07755   41.19183   56.27319   80.99692   41.66528   41.46319   40.73085   48.26846   68.21648   44.75324   43.22719   43.38323   63.21373   48.24371   44.55164   40.61818   48.99244   57.99977   44.15511
D:\school\CL2\NLP\hws\project\neural-complexity\zarpies\models\masked\google_electra-base-generator_adapted_zarpiesT4
  25.02689   30.20863   35.91005   23.37714   17.59964   33.77834   20.74551   26.90878   34.53431   30.43871   17.15368   14.67925   23.14842   20.72405   32.40414   42.61384   22.77090   31.10074   29.56259   25.92924   22.01273   20.32774   37.47532   25.19149   17.75391   19.28313   16.74735   26.59390   32.42216   26.84547   29.87318   32.73439   19.42413   34.62324   33.24638   39.11090   33.44500   33.64761   25.28057   49.56961   39.76779   31.34877   22.91256   31.69001   22.39172   14.09472   33.43022   13.27826   24.75429   38.28588   23.78519   15.95842   25.01085   28.85220   16.63568   19.14856   22.63029   27.44250   29.25903   17.17761   33.72322   38.80015   24.57918   33.76107   28.81299   26.47294   28.26426   29.54980   37.75327   32.23676   31.46482   21.82153   33.38486   13.98271   23.74127   21.82799   16.40564   15.61088   36.33564   26.44392   27.04470   23.12420   29.86473   36.09215   27.29034    6.33498   21.50397   24.07005    8.94189   30.09965   24.42875   38.13075   32.84505   22.93592   35.90961   25.48464   28.08470   31.43783   20.52904
D:\school\CL2\NLP\hws\project\neural-complexity\zarpies\models\masked\bert-base-uncased_adapted_zarpiesOriginalGeneric
  42.80750   47.16667   40.64805   38.57711   37.88046   52.66486   39.77178   42.53782   39.58131   46.42441   35.72686   31.88521   37.46878   37.85252   39.53859   57.35000   43.65180   39.75634   34.01736   41.70773   32.38562   36.82573   49.66244   43.04108   39.52228   32.39805   31.12251   31.19365   47.56630   43.34472   52.17453   48.76632   37.22217   55.49109   44.58363   35.77496   46.61501   42.79962   32.25328   55.73357   45.89111   43.40533   40.47333   38.07225   37.72292   30.07005   45.06971   29.29457   47.17583   51.99148   45.73357   38.88461   43.47182   47.35405   40.69765   35.92097   43.39850   46.54896   46.71778   38.12189   45.12770   53.84789   39.48044   47.91547   43.15076   36.84835   35.75419   32.38728   36.70057   37.27800   43.70505   30.27995   32.58897   31.26019   38.46181   45.82594   39.22989   33.19560   48.35374   40.40328   38.84498   43.43271   40.74339   47.55387   39.98424   31.00677   38.53372   40.05577   29.26619   47.13431   47.17537   41.67971   49.78400   47.03288   45.25366   46.88610   42.43871   45.12601   46.80009
D:\school\CL2\NLP\hws\project\neural-complexity\zarpies\models\masked\roberta-base_adapted_zarpiesOriginalGeneric
  75.93128   78.32193  102.31032   65.82882   76.75046   71.81406   79.06731   69.82226   72.51729   76.10666   75.29890   69.24322   87.44575   72.76121   88.26858   74.68283   72.22125   86.37237   92.62057   75.56828   82.08524   72.77288   74.46574   70.73453   71.17357   84.60169   76.72598   91.98846   72.45944   84.22602   93.91954   68.97778   72.14349   76.89679   69.57131   81.33795   73.60831   83.70418  102.62102   94.41385   91.66020   69.08440   75.17483   77.31805   73.42007   92.22805   73.68424   76.48155   82.64608   78.16671   69.90848   76.36473   70.04398   70.77667   80.17051   68.66049   69.86391   75.17943   82.34804   66.93697   77.23172   77.49881   70.19915   68.85463   90.87033   74.21334   73.97937   88.35450   80.61257   69.14893   80.93729   81.33172   76.35465   70.68592   75.81044   85.06381   72.75914   67.26760   76.11933   70.19381   73.63574   71.36389   81.72820   72.44616   71.61521   77.06803   67.76191   70.06967   88.29899   70.59963   71.75201   69.76755   71.71835   69.16628   76.26102   69.22030   75.90632   81.54279   64.41929
D:\school\CL2\NLP\hws\project\neural-complexity\zarpies\models\masked\albert-base-v1_adapted_zarpiesOriginalGeneric
  54.66862   64.89924   70.25873   49.08210   56.94194   70.30972   56.30616   45.40898   60.07227   66.66088   51.61388   50.18350   70.25167   67.83731   67.74195   62.90502   43.31916   69.77363   81.36721   58.01654   58.60028   74.54086   55.49196   52.87043   55.15540   56.88299   65.98168  102.54093   63.74050   57.67016   68.46212   54.81231   59.11878   58.91646   56.79788   71.09195   63.13989   69.72684   74.09541   65.57201   78.73724   51.43059   51.99303   72.62745   45.00024   88.39936   61.33105   58.87430   54.83221   70.90166   48.61544   57.49578   53.88351   49.91163   57.98176   50.73968   52.05525   56.81841   57.81800   47.41670   52.05212   58.01588   51.26053   46.96804   75.64361   58.60301   68.43290   65.61886   66.10474   44.60900   55.42683   68.05475   65.72722   66.08411   58.02283   58.13225   54.69317   42.84832   54.19658   42.99051   70.30220   48.08697   65.96266   84.28260   53.79898   59.15509   59.80858   60.17906   70.00423   53.24335   47.70306   56.24373   68.90159   55.30675   62.22874   47.07399   56.84046   62.06800   52.45220
D:\school\CL2\NLP\hws\project\neural-complexity\zarpies\models\masked\google_electra-base-generator_adapted_zarpiesOriginalGeneric
  27.54293   28.55211   26.94452   21.09339   17.51615   33.84975   20.44175   24.12604   26.76643   31.04294   17.29440   14.54788   25.54674   13.78970   33.06954   43.67289   24.08895   25.77125   27.70181   29.86153   14.34767   11.60656   34.52920   27.90324   15.83257   16.61310   14.04774   16.96912   30.40977   22.57942   29.55779   39.50733   18.80836   31.45470   30.10183   38.20360   33.03228   27.52399   17.81919   44.76162   39.30974   36.24879   17.57914   29.06222   21.45626   13.74998   37.45592    8.95550   30.00946   35.92873   26.93435   13.70451   23.41901   29.01452   21.43577   16.77286   20.91608   28.47719   29.84239   19.89759   29.06964   39.19191   26.12837   29.37829   27.81812   19.20138   22.38861   25.03559   34.63910   31.58796   32.17025   16.71978   16.77157   13.81719   23.49282   22.64024   19.16178   19.79506   35.43579   28.55003   27.69456   20.22647   26.58345   25.73212   19.36558    8.60883   19.32005   23.04957   10.03561   32.43122   29.70326   36.32965   33.37943   25.86628   38.81087   24.65602   26.96512   34.84845   23.31843
D:\school\CL2\NLP\hws\project\neural-complexity\zarpies\models\masked\bert-base-uncased_adapted_zarpiesOriginalSpecific
  44.98782   48.33591   41.60260   39.91025   36.32214   54.82454   40.66005   43.73003   41.87315   47.55078   37.59439   32.42489   39.27048   37.39043   41.63909   59.46060   44.17777   41.02863   36.22193   42.94180   28.86311   35.88030   49.26842   45.43238   42.10221   33.38658   28.04315   30.48971   50.60660   48.08118   51.43697   51.01478   37.28485   55.53999   45.12920   37.37156   46.48832   46.62434   33.10289   56.00944   46.56978   46.63197   39.98566   39.79002   39.66428   29.81200   46.77251   32.45932   47.22113   52.43602   48.58412   41.81382   45.27219   47.29226   41.54876   35.30799   42.51480   46.78481   46.80106   39.65190   47.41889   54.56837   40.53126   51.11060   45.85952   35.65086   32.75847   34.84945   38.65818   37.88539   44.44281   32.06029   29.09437   30.85760   43.45047   48.03168   39.81576   36.10821   47.55210   38.76107   39.21130   45.82937   41.03293   48.08625   38.28428   29.94886   39.24163   41.80800   27.30500   47.18438   47.71988   42.96538   51.20432   49.34177   44.78749   48.37101   40.39430   46.11645   46.86143
D:\school\CL2\NLP\hws\project\neural-complexity\zarpies\models\masked\roberta-base_adapted_zarpiesOriginalSpecific
  74.43106   72.67117   87.96984   64.87521   74.54231   70.17919   71.37198   68.31296   70.43159   73.82416   72.70311   63.72264   69.56136   69.84216   79.16635   75.08632   70.40533   73.42150   83.20422   72.93592   72.98673   62.96936   73.09212   67.59433   63.18001   76.88520   71.20980   74.67703   71.47572   69.26038   97.77029   66.87767   70.53614   75.79607   70.33182   77.83892   74.04681   70.37278   78.91436   86.82797   80.94707   69.58558   69.41988   76.09588   69.56847   72.52115   71.38057   67.41718   73.30423   73.53468   67.82828   69.07883   68.52022   68.21659   71.82965   64.49838   66.49892   72.50919   77.89035   66.81720   78.16926   75.63879   67.18235   67.41926   80.14211   71.82655   67.21478   77.29657   70.38892   67.67886   69.78703   67.18803   64.30981   70.28580   70.33222   81.80985   68.24538   64.99103   76.20068   68.04292   65.43536   70.18085   73.64031   68.32487   67.88131   71.15346   64.79765   69.16181   74.20359   68.51295   68.77070   69.97066   69.14007   67.66831   65.52671   66.50939   66.42969   70.57568   55.56230
D:\school\CL2\NLP\hws\project\neural-complexity\zarpies\models\masked\albert-base-v1_adapted_zarpiesOriginalSpecific
  61.96507   70.26726   75.99758   56.68407   59.50031   74.27547   55.98683   48.54827   61.68661   74.00942   61.36674   62.37656   76.01578   70.45691   69.28354   71.34839   48.83270   70.51253   85.01307   63.04713   63.13828   79.97909   62.27219   56.75105   55.56380   57.12593   75.06685  103.15306   74.57770   59.34945   71.28746   56.04298   67.15594   62.54108   69.17962   79.26423   66.36463   70.10680   76.78964   71.40225   81.60455   59.18421   58.62812   76.35429   48.73330   97.55770   69.83487   67.87611   63.45919   78.41329   55.63867   63.06295   56.78036   50.18525   67.19148   54.85631   58.89671   64.00887   63.55542   56.22740   59.98047   70.11932   55.63991   55.34311   78.68925   66.34181   79.59393   68.42260   66.28951   49.21550   63.15569   73.50390   72.65752   64.46741   62.73437   64.20260   60.66079   52.90334   63.44821   53.93854   78.33827   52.30488   64.25304   97.19876   59.04581   63.66302   64.95611   70.07118   73.99072   59.02634   50.85040   60.99641   73.52870   59.35410   65.31849   54.70093   59.28099   64.28677   64.04357
D:\school\CL2\NLP\hws\project\neural-complexity\zarpies\models\masked\google_electra-base-generator_adapted_zarpiesOriginalSpecific
  27.38454   28.07389   27.19094   23.12739   17.56803   33.90719   20.73919   25.26952   26.77884   29.48109   17.35823   17.21585   25.66333   14.55022   32.56763   41.74300   22.59515   24.81104   27.64091   27.88668   14.34188   12.68011   33.18337   26.48357   17.79442   15.36705   14.01550   17.61285   28.28198   22.77664   29.53077   35.65704   18.09712   30.42067   29.69845   36.31427   32.92232   26.77870   18.72752   41.98646   39.50736   36.58554   17.69769   28.94676   20.08908   15.10791   34.39082    9.27477   28.25494   34.54830   24.28197   15.10382   22.46752   27.49433   19.72999   16.35866   19.88706   28.41013   27.52480   18.12671   29.47908   37.85708   25.94091   28.88632   24.12813   18.75573   21.95487   25.78282   34.51624   28.79762   33.41613   17.75158   20.05505   12.24113   22.76484   24.70302   18.25658   17.56531   34.27111   27.09624   24.06679   21.60510   26.40899   24.23595   25.74034    7.92518   18.19254   23.81028    9.74765   30.84356   25.93400   33.96883   31.51847   24.23128   38.42138   25.48671   26.32292   33.25532   22.69405
bert-base-uncased
  26.67552   32.20112   27.02024   22.70293   21.83777   43.10640   22.21810   26.01266   25.22413   29.16389   20.44834   15.14243   24.47860   21.07662   20.46086   45.00258   25.82023   20.54888   18.76429   25.18360   14.40393   15.09801   32.66654   22.44233   19.62678   18.17759   12.03539   10.54915   33.35711   26.80004   33.53444   34.63587   19.82954   36.56542   29.97695   19.22120   36.99019   22.99700   14.99657   41.27559   27.24110   31.90934   22.83485   29.31552   25.54338   10.16073   33.52213   12.06323   27.87173   35.10264   27.59037   23.15179   28.36291   28.33352   29.30038   18.91759   20.52593   34.70863   27.44752   26.13685   28.20511   38.76227   24.29938   30.00484   22.93448   18.54813   20.06877   19.09565   19.55214   27.47822   29.13147   11.09995   19.03059   16.61826   18.73233   22.30593   18.58913   18.50608   38.53520   26.15294   24.81111   24.14620   24.51381   27.55834   21.37895   16.91749   22.40414   31.45545   12.59045   31.26905   27.52024   30.05485   33.86832   32.22604   33.48102   30.58791   26.83954   33.80090   30.44248
roberta-base
  50.70200   60.58365   38.59871   49.87776   49.95063   60.58624   50.83877   53.82964   50.43193   56.85516   44.45194   41.72468   32.47987   40.18132   45.51667   71.29707   56.90503   46.14642   49.18647   50.73331   42.11183   37.05112   62.52159   49.57902   43.62929   48.52950   44.36755   39.46042   67.58834   46.73966   74.28300   68.48989   39.38451   69.29935   62.37504   60.54119   65.68910   50.20938   37.15623   60.36692   53.37193   53.65326   47.56711   59.95434   47.60513   45.99002   62.59351   38.33102   53.04716   56.45211   57.25134   37.73738   53.18927   55.69524   55.62047   44.99337   46.91443   65.48189   38.99788   50.92820   69.42613   70.79907   51.58146   51.57041   45.69428   50.60996   54.49615   46.65901   54.69560   52.69096   55.15263   47.91552   43.36188   58.50824   43.99699   45.66911   52.60732   52.88351   66.48960   53.49335   57.82067   50.58375   45.68265   54.76582   46.75987   47.45122   47.41772   53.48197   42.45340   68.75667   55.22945   58.67323   59.73956   62.89106   41.42773   62.33963   40.67929   54.12039   26.33844
albert-base-v1
  31.36705   35.40622   34.36019   22.21342   22.92173   37.04311   30.62087   25.55394   25.97800   37.60508   23.19483   20.54641   36.52434   19.10282   38.12102   37.49014   24.80872   42.31470   45.97725   25.01696   22.98125   29.85646   26.38814   29.71757   25.43568   29.86182   30.86767   50.42080   37.62094   31.26962   39.83282   30.85636   20.40839   36.30219   30.35935   39.90774   38.44881   40.51441   41.35502   39.40842   54.79993   30.05836   23.11086   39.09053   21.68449   34.09578   34.91896   20.91265   34.15641   34.88149   23.92798   17.18636   23.76342   29.18806   37.23085   17.83285   18.45762   24.15382   26.80257   22.27036   26.29309   39.31800   24.31259   27.93841   30.12273   29.60072   34.10484   38.08969   36.02592   26.95612   41.20222   36.23584   44.51819   23.56729   31.66693   34.34357   22.42946   16.27089   38.54172   27.53239   38.93241   23.14071   29.47327   40.43452   22.19074   17.51444   16.18023   24.16941   38.38980   31.56451   24.03769   27.11647   40.77322   27.79754   34.25263   26.05705   32.82995   33.15294   26.17590
google/electra-base-generator
  26.57547   27.56744   26.40391   21.45579   17.81674   34.62953   18.74051   23.68088   26.88600   30.09615   16.00345   14.62626   24.68782   14.24306   33.64299   42.71466   22.32307   25.09895   26.15602   29.66090   14.76695   12.54390   32.71948   26.63356   16.07899   15.03777   14.59348   16.69064   29.57572   21.59290   27.81704   41.62674   18.35183   31.73707   28.74995   34.66906   30.03608   26.27060   17.37913   44.92845   40.03141   36.26021   18.20150   30.01480   19.81542   14.40675   36.65685    9.34500   30.09190   37.18665   24.87455   14.66720   23.28313   28.69949   21.96002   16.40008   19.82382   27.26294   28.63371   21.33254   28.86686   38.65178   25.70734   27.23622   27.45795   18.56910   22.54750   22.98661   35.04121   29.90123   33.34765   17.59791   17.71200   13.73880   22.99203   22.96463   19.86504   18.85131   34.84167   26.94689   25.98835   20.78252   26.64371   24.40534   20.60486    9.74339   18.90809   23.41180   10.79030   31.55608   29.28200   33.59319   33.27165   26.71245   39.27973   24.36820   26.55398   31.60155   22.88183
